- 1 1111111111 &mn 1111111111 “

1, 31, ..3 133.113111111μη11311111191333131331111 .’
1311, 1311131113191131111111919131111111 11111113311, p.
313),11111111111131,35., 3. 93111 1311311111, 113·
merum 1111111, 311111111111111 11 13111131 11111111
stitit 1313311131111131111111113 (3. 33 1.),11,
3111111 11131 ne 1311111111 3111111111 3131111111,
. 1913, 1313111311 11333111131111, 31111 113 1131·Ι
1311131113 1131, 31119131111. 1111113111
13111111,311,11. 5, 111111 11.113.1311111111111,1.ΙῙ,
1. 23 366,1111131111111,1,1,3311,1311 1111,
¹ 1111111111111111111111ς111111 111111 1111311111,
19111131. 91111111 91113113111111313111191311111111), ·
3131131111. 1111111111 Α1191 111111, 11111,1,,1ι,11Ρ1-’Ι 1
311 11 1111131111 13111111, 331311 31311 1..1,11. 1. ,15.,
.¹ 11111 911131131111191,111,11,113 1931111111 ,1,91,
311111 111111 111311 (131, 3), 1133 3111131131, 1.,
1111331, ⁴! ...mv 1131311111 ,3.’,.(13333,,,,) 1191, .
, 111, ,11313113 (L. VI 1,13,3,114),13311113131 Ne·
’ 3911111111113111111111111911 1199391111...
11331.11111111111111(1..111.1.15.3.9·9),,111111
, 1111111111, 331. 91 11911131· 11111913 11111111,11 ,
« ,11111119 1111 1111111 1111113111 11111 ⁶ 1110 ’,1111111011οΞ ’
’111111 1111311, 11311111(11,11111111 Ζ191311111. 3.
353. 1) 9111, 13 1131111 1111113111, 111311, 0113 13111,

, 1111111111 1111111199 1-1, {d 3111111 913111. 31111111911111-,Ι

,11η 1111 311111313311311111111111111911111111·
, 3191 (11.1111113111111, 1.3.399),)11111111,1111,1[11111(11 ,
1 3. 394) )131111111,113,1, 1111311113 Η111111113111 13 ,
¹ 1111311111 ,1911111 ,11133311 111311, 1131111111, iden. scrip·
11111311311 111111 quibusdam 1113111111 3111113,
. 391111 1311131111, 191 1111331111 1111111111· 11111111,

, 1111131113 111111 (319111 1113 Ζ91111 3111. ,3, 313.
aam-

 

